Vec Object: 2 MPI processes
  type: mpi
Process [0]
0.0644081
0.0360966
-0.0327616
0.00943104
0.0580651
0.0814372
0.0654371
0.0715228
0.0444117
0.0532074
0.0781415
0.0340422
0.0207933
0.0596119
-0.0151786
-0.000212537
0.00384052
-0.00707112
0.0469575
0.0211854
0.0193698
0.0717399
0.0540398
0.0629241
0.0820054
0.0771596
0.0554086
0.0147167
0.00572614
0.0537709
0.0761339
0.0714178
0.0725013
0.0740841
0.0375326
0.0534278
-0.0144296
0.00269837
-0.00575709
0.0435502
0.0216189
0.0717045
0.0606964
0.0749654
0.063796
0.0571919
0.0161355
0.00525896
0.0446926
0.0650382
0.0429636
0.0547457
0.04557
0.0237123
0.0348607
-0.0105666
-0.00202553
0.0267249
0.0265886
0.0438329
0.0590477
0.0660706
0.0570702
0.0155649
-0.0208314
0.0562099
0.0696749
0.0696891
0.0690048
0.0442888
-0.0114361
0.0334772
0.070209
-0.182098
-0.322211
-0.277087
-0.021662
-0.063834
-0.0847535
0.0446732
0.0267605
-0.00594277
-0.00458891
0.0274304
-0.100681
-0.0900471
-0.0497376
0.0638831
0.00476797
-0.030314
-0.0423319
-0.0538267
0.0393303
0.0482231
-0.168056
-0.00934386
0.108534
0.0559621
-0.00948574
-0.0155058
0.122575
0.124984
0.0867778
0.0617392
0.0882673
0.108649
0.0661516
0.168644
0.0162129
0.00585423
-0.0274436
-0.0572895
0.113085
-0.0112046
-0.0357137
0.141959
0.109181
-0.0660414
-0.0299978
0.0392501
-0.00815576
0.0524369
0.0446806
0.044947
0.00626786
-0.00783851
-0.0274009
0.0650349
0.0252709
0.0280972
-0.0707186
0.159446
-0.035077
0.193324
0.0568902
0.124462
0.169649
0.108942
-0.0457319
0.113046
0.00901308
-0.0655435
0.0978345
-0.079637
0.119757
0.160661
-0.0521866
-0.034362
-0.019002
-0.0630222
-0.0221351
-0.0278499
-0.085246
-0.0649917
0.128826
0.161351
-0.0789937
-0.0731501
0.164988
0.0712023
0.0205265
0.147306
0.0447041
-0.0964113
0.0615904
0.106318
0.145256
-0.0708306
0.0250606
0.0187881
-0.016261
0.00507983
-0.0226735
-0.0194349
-0.0169757
-0.0410886
-0.0534575
-0.0238347
-0.0537857
-0.0176285
0.0445093
-0.0159957
-0.0529789
0.00206262
-0.0378116
-0.0152289
0.067641
-0.0201122
-0.00821555
-0.0162356
0.00169633
0.0251469
-0.00867104
0.172912
0.0744063
0.157741
-0.0497209
0.146203
0.00200778
0.0811462
-0.0430112
-0.0394278
0.184074
0.144594
0.135445
0.146033
-0.0626869
-0.0586301
-0.066942
-0.0425989
-0.0929542
-0.0787427
0.00297644
-0.0141286
-0.0261481
0.128181
0.059287
-0.00838927
-0.0203291
-0.0364495
0.0210602
-0.00131659
-0.000728851
-0.0143211
0.0170074
-0.0641532
-0.00606159
-0.0340685
-0.0711349
-0.00673049
-0.0822386
-0.00823802
-0.0971765
-0.0104808
-0.0689794
-0.0412953
-0.019477
-0.0411643
-0.0391164
-0.0486161
-0.0261902
-0.0635893
-0.0740548
-0.0557445
-0.040206
-0.0413375
-0.0812711
-0.0489023
-0.0322068
-0.0148627
-0.0128426
-0.0311871
-0.0410838
-0.0347436
-0.0342144
-0.0238127
-0.0145468
-0.0151519
-0.00631343
-0.0281423
-0.0217602
-0.0109226
-0.0197662
-0.011077
-0.0183909
0.12507
-0.0170795
-0.0235105
0.00495357
-0.0222506
-0.0232729
-0.0189518
-0.00572273
-0.0246374
-0.0157538
-0.0223789
-0.0212504
-0.0263173
-0.29583
-0.280878
0.347713
-1.18409
-1.37579
0.317209
0.102834
-0.0578218
-0.13392
0.172357
-0.0388575
-0.482076
-0.0556159
-0.265615
-0.00740207
-0.228944
0.160769
0.0693703
0.00279888
0.0319099
0.0206662
-0.0396284
-0.0399875
-0.0423763
-0.0776451
-0.0716678
-0.0374935
-0.140596
-0.0565923
-0.0195337
-0.114761
-0.108681
-0.0263126
-0.0183492
-0.0402435
-0.0665015
0.0485429
0.011876
0.00340602
0.000130857
0.0125004
0.0250071
-0.0409917
-0.0218876
-0.00578839
-0.00385718
-0.000309127
-0.0854106
-0.0393373
-0.0413795
-0.120061
-0.0752428
-0.0590193
-0.111556
-0.123198
-0.127351
-0.102112
-0.0530671
-0.0654811
-0.0761862
-0.0822533
-0.109744
-0.0784873
-0.0244385
-0.0375583
-0.0311047
-0.0255052
-0.0488475
-0.0587136
0.0586495
0.0323185
0.0226122
0.00182741
0.00667704
0.00390698
0.0114116
0.0119223
-0.104105
-0.0460539
-0.0487326
-0.0213463
-0.0124311
-0.00406701
-0.121392
-0.119574
-0.0921242
-0.072419
-0.0641515
-0.0610039
-0.0803366
-0.106638
-0.0865034
-0.0717092
-0.0577364
-0.0663124
-0.127128
-0.114262
-0.00712928
-0.0361708
-0.0971402
-0.0629343
0.0275018
0.0121072
-0.00208683
-0.0103831
0.00353208
-0.038535
-0.0252228
-0.00956397
0.00249612
-0.0527089
-0.0442318
-0.0887198
-0.0631768
-0.133971
-0.0954376
-0.0978572
-0.0725183
-0.0693966
-0.0882934
-0.0974335
-0.0410053
-0.0775938
-0.0310973
-0.0411684
-0.0547861
-0.0384847
-0.0462704
-0.0285683
0.0278761
0.0275217
0.0195681
0.0080597
-0.0102143
0.00743605
-0.0493054
-0.0418469
-0.0427376
-0.0276286
0.00301169
-0.0875041
-0.0803121
-0.0722411
-0.0719577
-0.0204352
-0.0311144
0.00362862
-0.00781248
-0.0388449
0.0052399
-0.0731992
-0.0405862
-0.000267931
-0.00421736
-0.0585354
-0.0482782
-0.00101506
0.00978428
-0.00437276
-0.0170805
0.031389
0.00464692
0.000666713
-0.00768897
0.00106261
-0.00344356
-0.0192393
-0.0635102
-0.0459621
-0.0646021
-0.0554683
-0.0414858
-0.0582223
-0.0545352
-0.110585
-0.0819835
-0.0451145
-0.0157203
-0.023424
-0.0495221
-0.0302009
-0.0249403
0.0300599
0.0315323
0.0214173
-0.00414332
-0.0534881
-0.0235859
-0.0177203
-0.00770023
-0.0683658
-0.0760594
-0.0646551
-0.0392748
-0.0506587
-0.060985
-0.0680775
-0.128768
-0.0391272
-0.0782342
-0.0937774
0.0137099
0.00319062
-0.00911014
0.0653645
-0.0306863
-0.0816187
-0.10336
-0.0838231
-0.112123
-0.112834
-0.0499428
-0.0746556
-0.0837406
-0.0334784
-0.0363951
0.0615852
0.0173086
-0.0687209
-0.110223
-0.0497073
-0.00711201
-0.0295675
-0.15645
-0.0301229
-0.127449
-0.0706482
-0.0565328
-0.0124105
-0.0543545
0.00694129
-0.0462283
-0.00595812
-0.0285399
-0.00712714
-0.0131964
0.00708832
0.0205088
-0.0158267
-0.0438596
-0.0302205
0.0859288
0.0322757
0.0725669
-0.0579922
0.0402385
-0.011177
-0.0220856
-0.179248
-0.0973499
-0.0332558
0.0150919
-0.0866557
0.00754011
-0.109818
0.0383207
0.0458058
-0.0733581
0.0895894
0.018544
-0.0202885
0.0471317
0.0263714
0.173197
0.090043
-0.00228819
-0.048649
0.334534
-0.0596046
-0.0273639
0.0200573
0.0200903
-0.0115254
-0.0400736
0.00541588
0.00455892
-0.00192373
0.00401729
0.00268457
-0.0116706
-0.000618279
0.00258259
-0.00236395
-0.0331121
-0.0203462
0.0202759
0.053629
0.0577061
0.0337197
0.0306407
-0.0262205
0.033459
0.0131915
-0.0499835
0.00464396
0.000212998
0.0780803
0.0012858
-0.00180495
-0.100174
-0.0605406
-0.0467534
0.0206924
-0.0545844
-0.066761
-0.0307709
0.0115798
-0.04267
0.0182696
-0.0217639
0.0138547
-0.0657277
0.0617257
-0.033387
-0.0145344
-0.128911
0.0433711
-0.0364451
0.00407725
0.0157695
-0.0315203
0.119551
0.160267
0.0143333
0.0668859
-0.0483186
0.00335706
0.0371493
0.0739709
0.0755707
-0.0057581
-0.0947656
-0.0853705
0.0931691
0.074588
0.111219
0.00902772
-0.0491479
-0.180499
0.0347607
0.0591598
-0.0113177
0.080476
0.0180812
-0.0299246
-0.00622129
-0.0181794
-0.00358807
-0.0138966
-0.0314501
-0.0240723
-0.0385556
-0.0106793
0.0261467
-0.021444
-0.037828
0.0338291
-0.0144014
0.0726132
-0.00303582
0.0388133
-0.0305249
-0.0228094
0.0142932
-0.0212877
0.012514
-0.0297898
0.1404
-0.0266455
-0.0104677
-0.00839658
0.0844931
-0.136389
-0.0964433
0.0991561
0.148705
0.22352
0.0475706
0.0154527
-0.0418271
0.0308223
0.197657
0.0658644
0.0589432
0.072771
-0.0403101
0.00215619
-0.000920388
0.0276886
-0.0292469
-0.00115571
0.0171569
-0.01275
0.0426378
0.0235322
0.0606944
0.00989546
0.006679
-0.0525696
0.0187634
-0.0080069
0.00653182
-0.0209996
-0.018872
-0.0485186
0.0670942
-0.0149854
0.00611166
0.00284335
0.0858198
-0.0204843
0.0344801
0.0188565
0.0364482
-0.048115
-0.0349114
-0.0262946
-0.107761
0.0397357
0.00841319
-0.022179
-0.0681944
-0.00877339
0.0140714
0.0685167
0.0655229
-0.0731354
-0.013307
-0.058888
0.0268941
-0.0360097
-0.0509278
0.0944445
0.0505767
-0.0312201
0.103335
0.0212031
-0.029634
0.0372292
-0.0165697
-0.0371616
0.0353835
0.0674087
-0.0378158
-0.000855572
-0.0084195
0.0138521
0.0226476
0.0309829
-0.00603462
0.0946017
-0.0314763
0.106412
0.0471257
0.0437044
0.00285754
-0.01331
-0.00334515
0.0547618
0.0602218
0.00186707
0.0510366
-0.0507154
0.0349687
-0.0428425
-0.0395018
0.0158796
-0.0554375
0.03497
0.0216536
0.117978
-0.00426465
0.00274942
0.0222049
-0.0505454
-0.0481994
-0.0452444
-0.0893211
-0.00156181
0.0237001
0.0188941
-0.0205205
-0.0299124
0.0630713
0.0074667
-0.00795193
-0.0102807
-0.110429
0.0373921
-0.094007
-0.0396813
0.0737202
-0.0205873
-0.0404508
0.0204884
0.00982416
-0.000755979
-0.108336
-0.0120491
-0.0956344
-0.0614888
-0.0155296
-0.012623
-0.0101056
0.0511105
-0.0279814
-0.0402754
-0.0312833
0.0157472
0.122662
0.0864853
0.0939781
-0.0332131
-0.0534109
-0.0632335
-0.0461511
0.00401031
-0.0223577
0.0526261
-0.00243217
-0.0159021
0.00384951
-0.0855373
-0.0295561
0.13817
0.00988704
-0.0117493
-0.0137756
-0.0140649
0.122156
0.0772672
-5.24395e-05
-0.213848
0.00236831
-0.0391678
0.00540839
0.0175145
0.0013628
-0.0224435
0.0888947
-0.00195551
-0.0562346
0.033536
0.0537822
-0.0154766
-0.0432816
0.0302076
0.0529168
-0.0440809
-0.0102647
0.00779152
0.0938469
0.0323631
-0.0152886
-0.0136379
-0.035424
0.00479221
0.00313704
-0.0240755
0.0097639
-0.0488627
0.0237536
0.0661786
-0.100155
-0.0085209
-0.0858754
-0.0907004
-0.00410522
-0.039397
-0.00838782
-0.0179879
-0.0270929
-0.00326828
0.0406561
-0.0140609
0.0280982
0.0153054
0.0313083
0.0449728
0.0169355
-0.00197162
0.00492637
0.00686528
0.047253
0.00497146
0.0291339
-0.00920884
-0.0117017
0.00580282
0.00891989
-0.0447463
-0.00855062
-0.0254836
-0.018957
-0.0239784
-0.00691982
-0.0192309
-0.0589962
0.0452895
0.000326235
-0.00160098
-0.0288094
-0.0346042
0.00400964
0.0795587
0.0409161
-0.0290631
-0.000226809
0.0113109
0.0539239
-0.0751394
0.00803153
0.0051804
0.140195
0.134061
0.0347778
0.0354249
-0.0529174
0.0364976
-0.0792817
-0.0805526
-0.129624
0.0260284
0.10817
-0.0706061
-0.247486
0.0295158
-0.0200181
0.0159197
-0.0279319
0.130231
-0.00237011
0.218738
0.202474
-0.0466786
0.0335828
-0.0225356
0.271298
-0.367397
-0.158059
-0.124582
-0.146729
0.120085
0.0561334
-0.02919
-0.0122826
0.0293202
0.0758331
0.016922
0.0493271
0.00737377
0.0482266
0.00605169
0.000549988
-0.00110885
0.0028486
0.01424
-0.0588995
-0.0615235
0.0822248
-0.0511689
-0.148134
-0.613597
0.219378
0.0169647
-0.0275787
-0.00696502
-0.035448
-0.0224057
-0.0506526
-0.0120269
-0.0366979
-0.0554667
-0.0210803
-0.0429237
-0.0627818
0.0518411
-0.0628157
0.00910236
-0.129843
0.0322518
0.143382
0.0132383
0.0591467
0.0906041
0.140218
-0.147349
-0.0168237
-0.198382
0.109605
-0.0785978
0.0600233
0.025688
0.0315729
0.0329949
0.0244474
0.0144139
0.0203258
-0.032737
0.0230623
-0.000612475
-0.0737582
-0.0267086
0.00598638
-0.0343423
0.0428546
0.0312037
0.00844523
-0.0447706
0.0508676
0.165728
-0.07755
-0.0401484
0.00300402
0.00632695
0.0145514
0.00557428
0.0287173
0.0193288
0.0347744
0.00510482
0.0182585
0.0056317
-0.0202584
-0.0154619
-0.0254905
-0.0313949
0.021863
-0.0308982
0.0280417
0.0166751
-0.0548226
-0.0308636
0.00577304
-0.0685467
-0.0115898
-0.0255895
0.0291983
-0.0391873
0.00888966
0.0584725
0.0878506
-0.00762884
0.019373
0.0180949
-0.0254599
-0.00356003
-0.0105023
-0.0250821
0.00721414
0.0148559
0.00880275
0.00379813
0.0210492
0.0262249
0.0323486
0.00544432
0.00250751
-0.00272131
-0.018701
-0.0295042
0.0149832
0.046111
0.0132067
0.0107478
-0.0043885
-0.00839281
0.0148034
0.0276548
-0.027109
-0.0329109
0.0457223
0.00813084
0.0669469
-0.106688
-0.0832974
-0.12942
0.0189201
-0.0829976
-0.0596952
0.133756
0.149451
-0.0709233
-0.0328668
-0.0438856
-0.0160143
0.145915
0.0645499
-0.0522871
0.0140168
-0.0132817
0.00954503
0.0645924
-0.015483
0.00463792
0.00238102
-0.0300866
0.0927175
-0.0317811
-0.0133045
-0.00277808
0.150704
0.111103
0.0015641
0.0292103
-0.0059525
-0.0361792
-0.103776
0.0112454
-0.0529673
0.143515
-0.0897414
-0.0898882
-0.0231185
0.128485
-0.113973
0.0294977
-0.0394879
-0.0654358
-0.0056955
0.0808305
0.128918
-0.026225
-0.0114593
-0.00962949
0.0103413
-0.0412617
-0.0423622
-0.0675961
0.0779074
0.0733312
0.00846546
-0.0209081
-0.0248989
-0.0386432
0.0061563
-0.0038455
-0.0021694
0.010058
-0.0236574
-0.00977025
-0.124233
0.00401584
0.0251529
0.0148954
0.0195369
0.0417638
-0.0435662
0.0181046
-0.0121337
0.0202126
-0.0383647
0.0719703
0.116675
-0.0623427
-0.1945
-0.0579369
0.0615636
-0.166791
0.0117151
-0.0746215
0.0316866
0.0220445
0.0576799
-0.0567606
-0.00598334
0.08222
-0.0883887
-0.0478979
-0.185171
-0.215548
-0.000295545
-0.135902
0.0081854
-0.0962065
0.0360625
-0.0148128
-0.00214567
-0.050662
-0.00103283
-0.0374517
-0.083175
0.0948442
-0.0179886
0.14567
0.17634
0.0338964
0.0335361
-0.0310124
-0.0332876
-0.043012
-0.0473428
-0.0146446
0.0310526
-0.0270394
0.106508
0.127369
0.150111
0.0502811
0.0540063
-0.0472332
-0.1171
-0.0450554
-0.0640906
-0.173807
-0.0273608
-0.113164
-0.00558935
0.00749026
-0.0432075
0.043637
-0.0264617
-0.0165723
-0.107431
-0.171321
0.11407
-0.00563891
-0.0182389
0.030076
0.000669762
-0.0126204
0.0420564
-0.0330103
0.00692044
0.0449231
0.0287287
-0.0431043
0.0701363
-0.0134934
0.0690956
-0.0161077
-0.0882345
0.211291
0.176816
-0.0146199
-0.0681699
-0.22559
-0.0812991
0.0062568
-0.00321865
-0.081544
0.0038493
0.117084
0.131306
-0.122383
-0.122582
0.0227411
0.0884301
-0.160531
0.0373365
0.0375223
0.0328312
-0.0857039
0.0265862
0.0810751
0.0197951
0.0356115
0.0907704
0.135669
-0.033928
-0.123726
-0.142659
-0.156648
0.156847
0.0488708
0.104884
0.0521444
0.0705432
0.153894
0.0725298
0.017349
-0.128894
0.125843
0.13421
0.0365142
-0.0836251
0.217791
0.0985049
0.52116
0.0145709
0.000536025
-0.0145493
-0.0112645
0.0128359
0.0354289
-0.0120623
-0.00475098
0.00964781
0.020143
0.0131953
0.00478338
-0.0216726
-0.0277727
-0.0136835
-0.00290544
0.0185179
0.0377779
0.00233001
-0.00310136
0.0189768
-0.00137211
-0.00737386
0.00686236
-0.0300774
-0.0470601
0.0759187
-0.0272152
-0.0155255
-0.030763
0.0756816
-0.0419916
-0.042916
-0.155147
-0.161487
0.0206726
-0.0602146
-0.045311
0.00226862
0.0607408
-0.0305187
0.0384296
0.0343139
-0.051181
-0.0491495
0.0239262
-0.0510088
-0.00588153
-0.212576
-0.337364
-0.268614
-0.0547545
-0.0367247
0.062438
-0.0628795
-0.00952735
-0.0405358
0.107281
0.0729287
0.084751
-0.0406465
-0.0511009
-0.113928
0.00808342
0.00652414
0.0924641
-0.0201981
0.137552
0.121375
-0.100582
-0.0749159
-0.0955783
-0.0975771
-0.0599439
-0.00687219
-0.0198057
-0.0279862
0.00304461
-0.0204457
0.0233613
0.0127265
-0.00568046
-0.0137887
-0.00524468
0.00977412
-0.0146508
-0.0757099
0.0147395
-0.018797
-0.0212259
-0.0195753
-0.00221099
-0.0285645
0.012731
-0.024274
0.0270047
0.144481
0.00168294
-0.00999253
-0.0555116
-0.0339927
-0.0190681
-0.0080208
0.0443425
-0.0509881
0.0245684
0.0642539
0.0147905
0.00221751
-0.0155191
-0.0129313
0.106888
-0.0575635
-0.0532764
-0.0217845
-0.0549396
-0.0023592
0.039175
0.00718565
0.0179028
0.0273437
0.060366
0.0496695
-0.0302427
-0.00235619
-0.0871273
-0.0120814
0.00258774
0.00902453
-0.0420035
-0.0422878
-0.0266937
0.012569
0.0152727
-0.0935712
0.000444222
0.00337149
0.0133614
-0.00906768
0.00714563
0.0212239
0.000742152
0.0217719
-0.0115553
-0.0203653
-0.00679404
-0.0136581
0.075127
0.235649
-0.0298233
-0.128004
0.0202985
-0.0101682
-0.0626858
-0.0465104
0.0473157
-0.0398832
0.036431
0.0415811
0.00803634
0.0102002
-0.0259506
-0.00126091
0.00574307
-0.0129393
0.0144687
-0.000338267
0.0173813
-0.00871314
-0.0356671
-0.0464384
0.00940327
-0.00478715
-0.0768018
0.104689
0.0372199
-0.0293016
-0.006869
0.0220032
-0.0845174
-0.0420043
-0.0119805
-0.0240949
0.0461053
-0.0382265
0.0873026
-0.0147338
-0.000238513
-0.0127311
-0.0180008
0.014029
0.0041803
-0.0143239
-0.0326717
-0.0511445
0.0135719
-0.00420171
-0.0171256
-0.038964
-0.0262945
0.0133305
-0.0760395
0.0190334
0.00410218
-0.141711
-0.0518534
-0.0663313
-0.0123972
0.0846854
0.148878
0.108964
-0.104253
-0.0705087
-0.0304376
-0.0440697
-0.0967736
-0.060138
0.0725526
-0.0568673
-0.0222027
0.0995464
0.020641
0.00424358
0.0169643
-0.0642393
-0.0620641
0.0668678
-0.0291842
-0.00177772
-0.06931
0.0178377
0.0105248
-0.0314601
0.0455634
-0.0814236
0.00548028
-0.0485238
-0.100405
0.0499261
0.0332409
0.0451085
0.0596423
-0.00184439
-0.00493282
-0.0388254
-0.0242771
-0.00465706
0.0459683
-0.0307933
-0.0258136
-0.0298614
0.0475365
-0.0150353
-0.00565311
-0.016093
0.119339
-0.0112951
0.00367341
-0.0375249
0.0154456
0.0163191
0.000822314
0.00124534
0.0197408
0.026393
0.0395956
0.0091001
0.029918
-0.0976364
-0.101603
-0.0616403
-0.188341
0.0545689
0.00565195
-0.0699888
-0.00777971
0.0174133
-0.0417078
-0.0297416
0.00525203
-0.0520636
0.0589315
-0.0223895
0.0599073
0.00296685
0.0608924
0.0474548
-0.0211504
0.101272
-0.0587151
-0.0738512
0.242286
-0.0287914
0.00796202
0.0298544
-0.0462576
-0.129252
0.0287381
0.0470098
-0.0771973
-0.0454641
0.0740256
-0.010579
-0.105554
-0.0566565
0.00683996
0.013088
-0.0690319
-0.005052
0.0173059
-0.00823539
0.0286177
-0.047817
-0.00647891
-0.0775774
-0.0380255
0.0478206
-0.101902
0.0683372
0.162224
-0.0409916
0.068995
0.146776
0.0945481
-0.435635
-0.215922
-0.00757988
-0.0696184
-0.00012178
-0.00132787
-0.101319
-0.0313956
-0.00677247
-0.0303893
0.00451506
0.0188915
-0.0104304
-0.110083
-0.0348395
-0.0775024
-0.0336241
-0.0063798
0.0155918
0.00922978
-0.0525963
0.0181257
-0.0134264
-0.0426294
0.00856675
-0.00261493
0.00584444
0.0507157
0.0384914
-0.0130758
-0.00365529
-0.0396323
0.012295
-0.0118662
-0.00402155
0.0312187
0.00999167
-0.00849534
0.0364092
0.0689198
0.123303
-0.0452143
0.00726283
0.0138274
0.0507994
-0.0774912
0.0284596
0.0204749
-0.0117309
-0.0670854
0.026044
-0.214181
-0.00322957
-0.0607347
-0.0030365
-0.0114659
-0.0363903
-0.0466646
-0.0652658
-0.0912963
-0.167915
0.129936
-0.0230397
-0.024378
0.131674
0.179464
0.0435058
-0.0506119
-0.0750347
0.00939671
0.0999014
-0.0186207
0.0520524
-0.0618903
0.0141106
-0.165795
-0.010121
0.0228991
-0.00467043
0.0069022
-0.0130537
0.00552524
0.0312714
0.000685134
-0.00550028
0.0102307
0.00585934
0.00882569
0.0726942
-0.000507402
-0.011664
-0.0638287
-0.0202036
0.0182299
0.0398819
-0.104154
-0.0299669
0.0488096
-0.0124058
-0.079522
0.104957
-0.059193
-0.0281784
-0.0621669
0.0133466
-0.142201
-0.0909679
-0.0202697
-0.0317424
-0.0658847
-0.000565846
-0.0542762
0.00131194
-0.0316518
-0.0229844
-0.0847966
-0.00461518
-0.0299926
0.0108464
-0.017769
-0.0503871
0.193075
0.0112007
-0.0646656
0.00764636
-0.0869587
0.0278905
0.000383151
0.00756116
-0.00347584
0.0520289
0.0477953
0.0186426
0.0287493
0.0339913
0.059982
-0.00925652
-0.0240885
-0.0277556
-0.0255735
0.0167506
-0.0444415
-0.0425165
0.0177533
0.00483437
-0.0450535
0.00209768
-0.0296695
0.0148414
-0.0210986
0.0247343
0.0428189
0.000368269
0.0178686
0.0317398
0.0398173
0.00896695
0.0343868
0.000542851
-0.0050823
-0.000124961
-0.0201271
-0.0899592
-0.00083784
-0.0921548
-0.191264
0.0180065
-0.0413849
-0.386647
0.288986
0.449153
0.0161447
0.00704712
-0.0155023
-0.0133753
0.0208646
0.0110163
0.0131459
-0.0134279
0.00595105
-0.0106421
-0.0141175
0.0393618
-0.0129869
0.00951765
0.00806961
-0.0206088
-0.0214164
0.00495194
-0.015472
-0.0045665
0.00126984
-0.0158858
-0.00559813
0.0967944
0.0301569
0.0929861
0.0341943
0.0351701
0.0131886
0.0568444
0.0722276
-0.0524282
-0.00690475
-0.0229239
0.0544452
0.0067561
-0.0200219
0.0775451
-0.00564201
0.0145794
0.138545
0.0485828
0.0573442
0.00779161
-0.00951491
0.0546319
0.0244731
0.0231285
0.0353474
0.0379166
0.000506151
0.0595229
0.0423375
-0.0201858
0.0197639
0.0494173
0.0706213
-0.0269742
0.03848
0.155424
0.0409039
0.0169689
0.027822
0.0158345
-0.0118439
0.0116141
0.00597778
0.0565537
0.050142
-0.00780983
-0.0118443
0.0829584
0.00829551
0.0455984
0.0140427
0.0504911
0.0631901
0.00146562
0.00860845
-0.00549704
0.0496522
-0.0121977
0.0661544
0.00485483
0.0409218
0.0192658
0.0465626
0.00578384
-0.00960385
0.0830095
0.0367814
0.00623495
0.0360816
-0.0366948
0.0410795
0.00199711
-0.00908517
-0.0166894
0.0505351
-0.00502047
0.00350134
-0.00144319
-0.00115527
0.0133673
0.0552104
0.0466493
0.0306013
0.0640781
0.131359
0.0916526
0.209986
-0.0158253
-0.0171499
0.0587555
0.0302368
-0.00701677
0.0764205
0.0111518
0.0396088
0.0691734
-0.0602483
0.161406
-0.0236122
-0.00580463
-0.000664664
0.0117349
0.0253802
-0.00493447
0.0464223
0.0107346
0.0421608
0.0403497
-0.0265407
-0.0227387
-0.0503088
0.0157394
0.000637633
0.0262393
0.0455462
0.0557645
-0.0112882
0.0301646
-0.0040085
0.0263049
-0.0126548
0.044489
0.0567801
0.00759008
0.0361185
0.0199857
-0.0104093
0.0349751
0.0601508
0.0698228
0.0307208
0.0209641
-0.0353458
0.0137246
-0.0072475
0.0521297
0.092675
0.0661832
0.0134581
0.0749869
0.118027
-0.0136209
0.0401719
0.0813378
0.0115547
0.0444322
0.00675774
0.0546595
0.0638465
-0.10884
-0.0238991
0.000115331
-0.0568511
-0.0136505
-0.000418685
0.052096
0.0142376
0.23433
0.0717977
0.0233058
0.0672785
0.0186891
-0.0593798
0.278266
-0.0084024
0.0474974
-0.00875024
0.0534822
0.0458915
0.0243426
0.0237061
0.047593
0.0276532
0.0727901
0.02765
-0.00882026
-0.0270806
0.0144413
0.0386984
0.0260512
0.00152595
0.00508393
0.0168474
0.00883305
-0.00221398
-0.00204083
0.0281118
0.0473056
0.0231793
0.00463693
0.0196753
0.0132622
0.120201
0.0332105
-0.121506
-0.166796
0.0236558
0.0260495
-0.000251978
-0.0165376
0.0310798
0.0610811
0.00911931
0.0230114
0.0880416
-0.00944751
0.0328656
0.0262388
0.282669
0.172832
0.0252643
0.0428958
-0.0377913
0.063421
0.0184748
0.0189568
0.0673283
-0.00402691
0.0217648
-0.0101101
-0.0266581
-0.00782411
0.067998
-0.0363713
0.0127936
0.0113569
0.0227608
-0.00402482
-0.133634
-0.11594
0.007113
-0.0860616
-0.0114268
-0.00245669
0.255757
-0.0972396
0.026097
-0.00096287
0.0317161
-0.00614477
0.00627879
-0.339437
0.398982
0.051977
0.0357497
0.00894617
0.00716138
0.0146892
0.0136467
0.00113557
0.00881924
0.0876264
-0.163239
-0.0693904
-0.0790065
-0.00498805
-0.0225948
0.020209
-0.0120312
-0.130001
0.105168
0.0608498
-0.0500583
0.0155971
0.0476931
-0.00517611
-0.0091424
0.00111585
0.0427933
0.0399936
0.138319
-0.012202
0.0199913
Process [1]
0.0312505
-0.0299494
0.00115609
0.0771165
0.058157
0.00144214
0.00559116
-0.025447
0.0144553
0.047722
0.0291053
0.0522919
0.0544898
0.00147665
-0.0161581
-0.00898494
-0.0177849
0.0454969
0.0508521
0.0332931
0.02175
0.0577444
-0.0232914
-0.00906334
0.0058119
0.0531382
0.0126602
-0.0232659
0.054459
-0.0218825
0.014896
0.0454831
0.0238406
0.0635691
-0.00129042
-0.0103564
-0.0106928
-0.0126264
0.073522
0.0380315
0.0540314
-0.0185826
-0.0068426
0.00268526
0.0422062
0.0122247
-0.0118453
0.0559742
-0.0133703
0.0168459
0.0369663
0.0177649
0.0568121
-0.005501
-0.015162
-0.00552729
-0.00773061
0.0587822
0.0501683
0.0230728
0.0468865
-0.0130019
-0.00250278
0.0574765
0.0096941
0.00958064
0.0560023
-0.0192658
0.0156952
0.0309
-0.0137841
-0.010245
0.0728566
0.0440921
-0.0100558
-0.197434
-0.101155
-0.125402
-0.0112107
-0.285985
-0.290151
-0.573161
-0.324597
-0.00163455
0.0354985
0.0586353
-0.0120827
0.0590042
-0.0305592
-0.102612
-0.0710926
-0.00419603
-0.00986347
-0.000771209
0.0525725
0.053471
-0.0179512
0.0493384
0.0363107
-0.00332068
0.0561134
-0.0335322
-0.0103886
0.0343335
0.0524893
-0.00279891
-0.0323423
-0.0146793
-0.0149962
-0.000253562
0.00811266
-0.0160345
0.0460291
-0.0123078
-0.0120881
-0.0351592
0.000100192
0.0342251
0.0480016
0.0466099
0.118196
-0.0999504
-0.0777254
0.130921
-0.0156239
-0.0129815
0.0539176
0.00577144
0.0444223
-0.108381
0.121715
-0.0621599
0.0564525
0.109004
0.104918
0.122768
-0.0341043
0.0234897
-0.0615613
0.121931
-0.117071
0.0562685
0.0427697
-0.00542221
-0.103508
-0.0044782
-0.142195
-0.152473
0.0426519
0.162646
0.121638
-0.0558142
-0.0784457
-0.0911199
-0.245514
-0.0889184
-0.290904
-0.0166125
0.131181
-0.175111
-0.0239583
0.00434414
0.0357186
0.0412534
0.0467065
0.0416656
0.0016339
0.0418959
-0.0162507
-0.00506408
0.0326984
-0.00200413
-0.0584205
-0.0285371
-0.0244441
-0.0197569
-0.0347205
-0.0316702
-0.0272023
0.0540273
-0.0126807
0.064856
-0.013122
-0.0676477
-0.0095003
-0.0110716
-0.00577493
-0.014295
-0.0168089
0.202605
0.142936
0.0301719
0.00128535
0.0266985
-0.0664214
0.0790088
0.0250639
0.0912963
-0.0646268
-0.0355789
-0.0424011
-0.369485
-0.0158343
0.0281652
0.0270227
0.00559184
-0.0246526
-0.0181182
-0.0037803
-0.0323421
-0.0588984
0.032741
-0.112856
-0.0211256
-0.0478019
-0.067618
0.00441185
-0.0237376
0.0492664
0.100167
0.0172822
-0.172984
-0.0112289
-0.00720949
-0.0248473
-0.0661105
0.103091
-0.0583297
0.101023
0.0588423
0.05304
-0.0402368
0.0122434
-0.0158506
-0.0218058
0.019819
-0.0158289
0.0334539
0.0179647
-0.0317587
-0.0339017
-0.0145237
-0.0210412
-0.0171546
-0.0151987
-0.0196734
-0.0150271
0.0288169
-0.0232951
-0.00949344
-0.0262898
-0.0255164
-0.0270184
0.166833
0.027925
0.0635754
-0.0135298
-0.025911
-0.0160776
-0.023805
-0.0172878
-0.0246065
-0.0141159
-0.0189742
-0.0310811
-0.00739685
-0.00738131
0.00968342
-0.0206313
-0.0311794
-0.0046292
0.0511183
0.0975661
-0.0185448
-0.0230723
-0.0333448
-0.0223236
-0.0237412
-0.0304164
-0.0198058
-0.0169601
-0.00941312
0.00223895
-0.332189
-0.11526
-1.66225
0.52349
0.268606
-1.43059
-0.582435
-0.332266
-0.364749
0.0822842
0.0411519
-0.199384
0.206067
0.0997361
-0.11804
-0.616066
-0.308695
-0.36141
-0.0294218
-0.0722216
-0.0595168
-0.0241997
-0.0526433
-0.0298855
0.0313994
0.0421315
0.022564
0.0142053
0.00306859
-0.0547354
-0.0612911
-0.00761173
-0.053273
-0.0414275
-0.0562623
-0.00118565
0.00180162
0.0194182
0.0112702
0.0354794
0.034586
0.060076
-0.0334733
0.00358047
-0.0161349
0.000691132
-0.00830878
-0.101158
-0.0541636
0.0490044
0.0373595
0.0270297
0.00483034
-0.0077096
0.00241837
-0.0982367
-0.0676764
-0.0570841
-0.0424065
-0.00725829
-0.0933496
-0.0744968
-0.0693956
-0.0495399
0.00545196
0.00371293
0.0260188
0.0376421
0.0276301
0.00897999
0.00898691
0.0317878
0.0336031
0.0251335
-0.0425702
-0.0728717
-0.0593912
-0.024164
-0.0354657
-0.0223746
-0.0243911
-0.0611321
-0.0585595
0.0672392
0.0505928
0.0299278
0.0311771
0.0153903
0.00952292
0.000782931
-0.0284888
-0.0341169
-0.0232939
-0.0610757
-0.0662405
-0.0561591
-0.0107793
0.00284041
0.00890651
-0.000607468
0.0350677
0.0277131
0.00851136
0.0336373
-0.0599871
-0.0791094
-0.00731615
-0.0459419
-0.0982284
-0.064216
0.0315385
0.0244917
0.0118461
0.00489509
0.000563847
-0.00644335
-0.0461537
-0.0666699
-0.0350709
-0.0130522
-0.00344369
-0.068343
-0.0239669
-0.00413233
0.0103839
0.0294256
0.0294003
0.0204743
-0.00388208
0.0186446
0.0159832
0.0140054
0.00435635
-0.0799396
-0.105833
-0.0427857
-0.078193
-0.0410878
-0.0501539
-0.0561345
-0.0715601
-0.026383
0.0379323
0.0290926
0.0366841
0.016587
0.0114325
-0.00907001
-0.0147205
-0.003932
-0.0107648
-0.0477509
-0.0415619
-0.00775334
-0.000469679
0.0161645
0.0117221
0.00857877
0.0014269
0.0100383
-0.0366005
-0.00382818
-0.00196395
-0.0173963
-0.0898154
-0.0495738
0.0245401
0.00481865
0.0119098
-0.00096954
-0.0170893
-0.0524922
-0.0342673
-0.0167995
-0.000625494
-0.0320004
0.00691432
0.0236286
0.0326043
0.0281607
0.0035815
0.0178965
0.0121716
0.00896394
-0.104837
-0.0942467
-0.0545121
-0.0207758
-0.0210188
-0.0429547
-0.0399827
-0.0342979
0.0299477
0.0256142
0.0235483
0.000979789
-0.0349646
-0.0103914
-0.118256
-0.0980865
-0.00203429
0.0061907
0.0411963
-0.000192457
0.0273019
-0.0335878
0.00165933
-0.0555185
-0.0898025
-0.0358366
-0.0939022
-0.0766312
0.0556952
0.0185085
-0.0035343
0.00316319
-0.0525397
0.0161611
0.0226079
0.0413444
0.0117739
0.0189557
0.0191108
-0.0874578
-0.0817353
0.00511468
-0.040003
0.0557401
0.0267765
0.0268346
0.0460236
0.0678522
0.00463983
-0.016608
-0.019361
-0.14568
-0.0326099
-0.115994
-0.0225441
-0.0212775
0.005804
0.00777954
0.0271912
0.0441102
0.0333048
-0.0266352
-0.0285316
-0.0597426
-0.0206441
0.0732019
-0.0228062
-0.0011695
-0.00714425
0.00133836
-0.0197193
-0.0217574
0.0300651
0.0231225
0.00798142
-0.00966911
-0.00612686
0.0060376
0.000703105
-0.0401594
0.0135085
0.0117173
0.0106634
0.0108533
0.0134774
0.0137004
0.0195698
0.0487208
-0.0350813
0.0517515
-0.0375353
0.0295835
0.0240748
0.0161551
-0.041981
-0.0257822
0.0132683
-0.0188539
0.00734003
-0.00683468
-0.0390523
0.0354571
-0.014546
0.0278671
0.0147502
0.0300725
-0.0232051
-0.0153661
0.00826217
-0.0208687
0.0112467
-0.0156659
-0.0102487
0.0263993
0.0230436
0.0266255
0.00540665
0.0144328
-0.0139989
-0.0190735
-0.013256
-0.0160616
0.0100337
-0.00973547
0.0725315
0.117425
0.0353423
0.0107976
-0.0683104
0.0182654
-0.214373
-0.048788
-0.0640471
0.0202934
-0.0864923
-0.0235708
0.0170362
-0.00581425
-0.00810886
0.041544
0.101065
0.111575
0.00458799
-0.111964
0.0224027
-0.056915
-0.00957408
-0.00811897
-0.0383655
0.0103742
0.00982085
0.00112248
-0.0261631
0.00270007
0.00998091
-0.00229878
0.0225637
-0.043643
0.00349799
-0.0433577
0.0121664
0.0155214
0.0509805
-0.0369706
-0.0180159
-0.0261937
0.0200281
-0.029727
-0.0301149
-0.0312676
-0.00100271
0.0117841
-0.0252004
0.0370091
0.0753891
-0.311984
-0.114929
0.0615695
0.262879
0.542607
0.122758
0.329677
0.10841
0.141867
-0.0436979
-0.0435064
0.159943
-0.0204447
-0.0193114
0.0417916
-0.0775957
0.0183429
0.00699162
-0.0534419
-0.077929
-0.0166109
0.0573749
0.0979344
0.120418
0.00474815
0.0107422
0.0215842
0.0742572
0.0149727
0.0760565
-0.0285832
-0.0451816
-0.0302102
0.00757509
-0.0255031
-0.0484524
0.00502506
0.0642374
0.0330647
-0.0351237
-0.0250894
0.0375731
-0.0145025
0.0402321
-0.0388748
0.022297
0.0119378
-0.00363462
-0.100118
0.0861515
-0.0857936
0.0652303
-0.00551578
-0.0155169
0.0544781
0.0250899
0.0820175
0.0738618
0.040686
0.0580545
0.0322281
-0.0319168
-0.0329446
0.175064
0.168588
0.148385
-0.0509178
-0.00339808
0.00291401
-0.0653064
0.110794
-0.578998
0.0685112
-0.00355109
-0.014679
-0.0535274
0.0348926
-0.0489035
-0.0698061
-0.00454059
0.00770449
-0.00814016
-0.0201791
0.0729781
0.110276
0.00632341
-0.0709579
0.0724589
-0.00156992
0.0244776
-0.0279792
-0.107992
-0.198991
0.0246672
-0.0320259
0.0327591
-0.0314607
0.00831528
0.00975869
-0.022442
-0.0228197
0.0410864
-0.0663304
-0.0532849
0.0271348
-0.00294988
-0.004136
-0.000245903
0.000548987
-0.0108808
1.94234e-06
0.040885
0.0436876
9.45374e-06
-0.00649046
0.047217
-0.00340535
-0.00804393
0.00752666
-0.011393
-0.00670101
-0.00451296
-0.0247231
-0.0271682
0.0393976
0.0993626
-0.00493432
-0.0277411
0.0329923
-0.00242893
-0.00363841
-0.00971821
0.00531748
-0.0185446
0.0196695
0.00333779
0.0019767
0.0223775
0.0293922
-0.0168079
0.0240856
0.04375
-0.0402114
0.00831431
0.0106435
0.014426
0.0193825
-0.00893189
-0.0772256
0.0100551
0.0475178
-0.0701838
0.0044429
0.0161958
-0.00550407
-0.0454196
0.0198657
0.0161516
-0.00629544
-0.0340944
0.0108225
0.0643991
-0.0392002
0.0252959
0.0706773
0.0471637
0.0039416
-0.0538399
-0.0537925
-0.0615312
0.0202987
-0.0103538
0.0273041
-0.00672887
-0.00509857
-0.0114316
0.0294929
0.0383437
0.0330028
-0.0439633
-0.0102031
0.0177053
0.0814331
-0.0726029
-0.0195544
0.0230848
0.0175164
0.111977
-0.0561698
-0.0234277
-0.0232955
-0.083322
-0.013494
-0.0937089
-0.0495652
-0.0166933
0.0636318
0.115561
-0.0413885
-0.0337537
0.000212224
-0.0310938
-0.0123791
-0.0208208
0.0287606
-0.0029073
0.0185794
0.0204053
0.0624059
-0.0197451
0.0224613
0.00662621
-0.0145707
-0.0182532
0.0417758
-0.0144019
-0.033615
-0.0393115
0.0448969
0.0272133
-0.0462029
-0.0343244
0.0102504
0.0129747
0.0047586
-0.0346373
0.0143425
-0.0157465
0.0521378
-0.0293496
-0.0230844
0.0652453
-0.0064139
-0.0261827
-0.00950297
-0.0138102
0.0464139
0.0621634
-0.0242608
-0.00596349
0.0824671
0.0789969
0.165006
-0.0368638
-0.030764
-0.00254705
0.00895228
-0.0188869
-0.0192353
0.0272885
0.00231229
0.0119911
0.0067293
0.0139842
-0.0194218
-0.0323588
0.0248898
0.0611847
-0.00960721
-0.0180558
-0.0560452
-0.00253928
-0.0284304
-0.0611953
0.0259155
0.0678147
-0.00303786
0.0241259
-0.0239138
0.0269378
0.012699
0.00592369
-0.0128368
-0.0293054
-0.00246577
0.0409755
0.00536033
0.0153948
0.0175666
0.0068813
-0.00523754
0.00201645
0.00445901
0.00319005
0.0300985
-0.0137727
0.0151469
0.0272222
-0.0211366
0.0846211
-0.0251336
-0.0448921
-0.0011177
0.0288307
0.0460734
0.0361849
-0.0292399
-0.0584629
-0.0766376
-0.0722173
-0.0847333
-0.0801263
0.0975408
0.0242021
0.04051
0.0213765
-0.0160587
0.0168024
-0.0223001
-0.0358545
-0.0262324
-0.0240997
-0.013108
-0.0114561
0.00238225
0.00232153
0.00800208
-0.0084241
-0.0398608
0.0214273
0.00339167
0.00884802
-0.0152749
0.0124558
0.08697
0.151455
-0.0514805
-0.0524005
-0.128487
-0.0366958
-0.0136745
-0.131182
-0.00995284
-0.0229602
0.025823
0.177863
0.00428401
0.221442
0.0164644
0.116127
-0.0120045
0.0757803
0.0828275
0.208552
-0.118684
-0.174558
-0.0246409
0.133307
-0.0044943
-0.0093776
0.00258815
-0.0436029
0.0732034
0.00382864
-0.0497644
-0.0174123
-0.00697623
0.0471898
0.00567581
-0.035578
0.0200328
0.0132465
0.0300812
0.0129087
-0.00191768
-0.035739
-0.0374341
0.0313294
0.0168238
0.0426696
-0.0392098
-0.0519835
-0.00896579
-0.0571091
-0.00277038
-0.0665312
0.118129
-0.0405982
0.0273788
0.0170095
0.067562
0.0480648
0.0554238
0.00997655
0.00438618
0.00445705
-0.00221003
0.0209873
-0.0384126
0.0797894
0.0283792
0.0215396
0.114007
-0.0517144
0.0315045
0.0482033
-0.0126851
-0.0485038
0.0110681
-0.0848402
-0.0498137
-0.0204026
-0.0282018
-0.0511991
-0.0891934
0.0444714
0.0416401
-0.0414917
-0.0243989
0.113205
-0.0243017
0.00733288
0.0792329
-0.0202578
0.00647419
-0.00293913
-0.0202563
-0.0108796
-0.00451723
0.0163543
-0.00314446
-0.0279891
-0.018809
0.00178229
-0.0135679
-0.0105402
0.06869
-0.0220644
-0.0258963
0.000833888
-0.0129634
-0.0293941
-0.0231537
0.0410575
0.0387196
0.0134127
0.0149354
-0.010074
-0.0183206
-0.0955738
-0.00738634
-0.0544154
0.0189212
-0.00899301
-0.0253164
0.0166
-0.147014
0.0159547
0.0941673
-0.0209361
0.0282804
0.0713587
0.0303499
-0.0160017
-0.0355738
0.00916322
0.0370755
0.00660895
-0.0937397
-0.0262178
-0.0127341
0.00901429
-0.0504635
-0.0012652
-0.00953169
-0.0167357
-0.00614222
-0.012752
0.0116523
-0.132237
0.0223506
0.0063811
0.0175247
-0.0538473
-0.0361644
-0.037612
0.00455727
-0.0100695
0.0230504
0.0469471
-0.036498
-0.00450632
0.010971
-0.00795074
-0.0140963
0.0107891
0.012136
-0.000293662
0.0556534
0.0947028
-0.034468
-0.0393195
0.0044698
0.0235025
0.0413718
0.00955331
-0.0100366
-0.0264159
0.00317671
-0.0246118
0.139519
0.0221412
0.0603865
0.00439202
-0.0216086
-0.00903566
-0.00592427
-0.0320302
-0.0415693
-0.031004
0.0227782
0.00354078
0.0137367
-0.0225828
-0.0129589
-0.00947383
-0.0177303
0.0145499
-0.0108343
0.0238949
0.0179643
0.0327307
0.00768918
-0.0941238
-0.113115
0.112679
-0.051256
0.212617
0.00189661
0.103284
0.0101734
0.0575889
-0.00295511
0.0152837
-0.0127004
0.0459287
0.0613318
0.0909219
-0.0793853
0.109123
0.0611205
0.153536
-0.0784257
0.19395
0.00356506
0.0826147
0.118822
0.200971
-0.0335016
0.0078763
-0.142582
0.00677127
-0.050702
-0.0743648
-1.02923
-0.072948
-0.130682
0.011977
0.167872
0.0541686
-0.043751
-0.63652
0.219952
-0.0240556
0.0113958
0.024926
0.0115494
0.0162743
0.0111328
0.0361358
0.00448777
-0.0656887
0.0814885
0.14457
-0.0665989
-0.0235196
0.155951
0.278423
0.117908
0.0158214
-0.0209909
0.0249316
0.0506854
-0.0510985
0.0250716
0.068539
0.00461439
-0.0322693
-0.0448093
0.00513895
0.0444396
-0.0431825
-0.017154
-0.00996859
-0.00890225
0.0280019
-0.0291404
-0.0207826
0.00160947
-0.00113609
0.0815491
-0.0319157
-0.0490625
0.0359359
0.0128584
-0.020711
-0.0150954
0.00448847
-0.028846
0.0152671
-0.075923
0.0038129
-0.0618897
-0.0724154
-0.00611838
0.0276351
-0.0258138
-0.0115619
0.00788295
-0.0233865
0.0151476
-0.0809323
-0.101732
-0.0167072
-0.025997
-0.06952
-0.0308412
-0.0218168
0.0179981
-0.000230053
-0.00531638
-0.0343819
-0.0347613
-0.0506771
0.077874
0.0286206
0.0164992
0.0183839
0.00353848
0.00161799
0.0292232
0.0173167
-0.00577092
-0.0314012
-0.00789759
-0.0222418
-0.153068
0.0733135
-0.247455
0.019374
0.120384
-0.0105354
0.00846679
-0.00187209
0.0229026
-0.0361564
0.0174201
0.0371139
0.00288239
0.00825751
0.0189372
-0.0310481
0.0105333
-0.00569841
0.00702486
0.0168505
-0.00464058
0.00561803
-0.000335358
0.0144437
-0.0168767
-0.00440846
-0.0117863
0.0583661
-0.0229286
0.00855586
0.117113
0.0410151
0.0174667
-0.00516876
0.00344266
-0.00219254
-0.0188903
-0.0204966
-0.00632807
0.160433
-0.241732
0.235637
-0.341593
-0.0243713
-0.0044716
0.00748785
0.0643602
-0.00429889
0.0848987
0.0739676
0.0299021
-0.0122671
-0.0326993
-0.0146591
0.00148669
-0.00947635
0.0171019
0.023638
0.0320927
-0.0152596
0.0113313
-0.0446454
-0.0597193
0.00187777
0.020503
0.0205451
0.0114829
0.0127335
0.0347403
0.037185
0.00356162
-0.0301079
-0.0426218
-0.00292257
-0.058068
0.00621693
0.0299262
0.00631573
0.0181956
-0.0319354
-0.0371599
-0.0225086
-0.00531559
-0.0108638
-0.0545316
-0.0249958
0.0226364
0.0247569
-0.0123345
-0.0320923
-0.0549372
-0.0663807
-0.107121
0.0130676
-0.0236552
-0.00760329
-0.0540702
0.0401228
0.000373671
0.00370671
0.0116123
-0.0101863
0.00584467
0.0151159
0.0300829
0.0265439
0.00578685
-0.0156569
-0.00328216
0.0136079
0.0137742
-0.00534984
0.0362596
0.0524993
-0.00709806
-0.0181612
0.074894
0.00226384
-0.0151686
-0.0265595
0.00172837
-0.0066116
-0.00804534
0.0894938
-0.0257022
-0.0131392
-0.00586477
-0.0578986
0.00256205
-0.0479324
-0.0326411
-0.0399083
-0.0753386
-0.0625631
0.0109947
0.0141737
-0.00319206
0.00879468
0.120912
0.0987505
-0.113754
0.10002
-0.00332897
-0.014577
0.0633364
-0.00576024
-0.0816463
-0.0125687
0.0258864
0.00646504
-0.0456012
-0.00557733
0.0113021
0.0350247
0.00184444
0.00836783
0.00795934
0.075844
-0.0453791
0.0324648
0.00270412
-0.0187714
-0.0130788
0.0184831
0.0316155
-0.00694972
0.0140619
0.0347111
0.00609324
-0.0260645
-0.018812
-0.00447435
0.0175665
0.00372365
0.00408732
0.013068
-0.0508552
-0.0582533
0.0463949
0.102723
-0.00988275
0.0172647
0.0149611
-0.0670681
-0.0141388
-0.0562701
0.0608402
-0.0425616
-0.0627315
0.0111954
-0.00457631
-0.0672572
-0.0853834
0.00517517
0.00863137
-0.00389435
0.00957527
0.00758127
-0.00987688
0.0682893
0.0520624
-0.0237605
-0.0477823
-0.0194968
-0.0268629
0.0263859
-0.0492911
-0.0273113
-0.0573204
-0.04627
-0.0170298
-0.00924991
-0.0270516
-0.0110012
0.113203
-0.113806
-0.0146703
0.0881267
-0.0327259
0.00209867
0.0109296
0.0127404
0.00274588
-0.0134617
0.00814209
0.0253073
0.00860779
-0.0237358
0.00836726
-0.016118
-0.00307253
0.00591074
0.0152316
0.0161409
-0.052597
-0.116544
0.153856
-0.0712428
0.0136794
-0.0169582
0.00986365
-0.00408734
0.0121208
0.0238193
0.13257
0.0137747
-0.0288289
0.0237023
-0.0209093
0.040556
0.0481536
0.118359
0.0258484
0.0153607
-0.018066
-0.00953329
-0.0149966
0.0150278
0.00406526
-0.0687088
-0.12998
0.0164119
-0.0323863
-0.00907829
-0.0260842
-0.0835473
0.00567687
-0.00385452
-0.0182897
-0.0634368
-0.0707178
-0.0315731
-0.0761781
0.0126319
-0.0349044
-0.0261923
-0.0181058
-0.0253747
0.167164
-0.0761618
-0.0859774
-0.0857557
-0.0350222
0.0984183
-0.0465914
-0.118702
-0.0337858
-0.0622601
-0.0901985
-0.0275379
0.00158748
-0.0312957
-0.0150084
-0.0585174
-0.109321
-0.0548029
0.000333792
-0.0599171
-0.0700986
-0.0971203
-0.0143983
-0.0159939
-0.0269773
-0.0550782
-0.0256985
-0.0930622
0.0142829
-0.0106034
0.00395046
-0.0842511
-0.0657831
-0.126068
-0.0313513
-0.0162665
0.00888407
-0.000732509
-0.00853682
-0.000155831
0.0117751
0.0200715
-0.170192
-0.0718007
0.0348748
0.0300526
-0.0647525
-0.0155315
0.0122373
-0.0108923
0.0316093
-0.0279492
-0.0187038
0.0111727
-0.0490726
-0.0540962
0.00921036
-0.00995612
-0.0227884
-0.00524495
-0.0230347
0.00127403
-0.131044
-0.00520971
0.0352625
0.0044247
0.0121773
-0.00483245
-0.000525886
-0.143122
0.0337112
0.0570225
0.0828434
-0.0269012
-0.0598622
0.0831987
-0.038926
0.0198526
0.0213154
-0.00562337
0.0345455
0.0593999
-0.019274
0.0450361
0.08669
-0.0731756
0.0509001
0.0105197
-0.0732332
0.0265601
0.0675954
-0.0173486
0.0227955
-0.0092743
0.00678049
-0.0137546
0.00482172
-0.0355412
-0.0408168
-0.0187434
-0.00266679
0.0471415
0.0196441
-0.0025228
0.0249406
-0.0283973
-0.0236923
-0.0289192
-0.0405057
0.186913
-0.0234343
0.00956136
-0.183661
-0.0310053
-0.000499129
-0.0126353
0.0130632
-0.00448985
-0.0012852
-0.0071282
0.0205204
-0.0439779
-0.00570291
-0.0925888
-0.0265529
-0.0126902
0.0409271
0.0150498
0.0603473
0.00251438
-0.00149676
0.00186225
-0.00909345
0.180721
-0.0815511
0.0900466
-0.0298708
-0.0183737
-0.0725386
0.00705651
0.106501
0.0393843
0.0536452
0.00696459
0.0222324
-0.0189452
0.0212835
0.046939
0.0123277
0.019793
-0.0111962
0.00671335
-0.0231661
0.0339436
0.00973532
0.00905894
-0.118134
-0.080824
0.0123826
-0.0769608
0.00389282
-0.00446744
-0.0172334
-0.0110323
-0.0097438
-0.0296706
-0.0133973
9.40238e-05
0.0364101
-0.0279882
0.0110578
-0.0962809
0.201953
0.188946
0.297299
0.142093
0.0156507
-0.0372361
0.00408421
0.0499636
0.012791
0.032072
0.0243598
0.0887032
0.068892
0.0187543
0.0383995
-0.00137116
-0.0131924
-0.0272466
0.0219918
-0.0151932
-0.0301642
-0.00498023
-0.026328
-0.00396741
0.00882905
-0.0102707
-0.00341362
0.154459
-0.0656919
0.17263
-0.0610702
0.144056
0.269646
0.356707
0.32213
-0.0654527
-0.00891063
-0.0511101
-0.00366749
-0.114133
-0.00960867
-0.0182867
0.00850969
-0.000562118
0.00583529
-0.009702
-0.00996577
0.00138156
-0.165398
-0.124643
0.00241626
-0.0029089
0.00799579
-0.0116746
-0.00565867
0.00152876
-0.02781
-0.00280464
0.0735242
0.195275
0.0732549
-0.495957
0.117506
0.0298128
0.209129
0.132937
-0.107838
0.135312
0.369578
0.0491054
0.0387476
0.0427039
0.0983462
-0.0166847
0.0920726
0.00489619
-0.00235481
-0.0297394
0.0601446
0.0606147
0.0183608
0.0263829
0.0389015
-0.01336
0.00716002
0.0024453
-0.00390179
0.00803355
-0.00135643
-0.000998479
-0.0125431
-0.0121906
0.169887
0.133117
0.0129965
-0.172271
0.00297712
-0.00981569
-0.00258033
0.0136047
-0.0481151
-0.111371
0.141366
0.0373278
0.073656
0.0939334
-0.0430002
-0.0318632
0.0657072
3.61063e-05
0.0520294
-0.0606063
-0.0475416
-0.00529521
0.00312934
-0.0374621
0.0121838
-0.0192747
0.0394748
-0.0581208
0.00381125
0.00628679
0.0198948
-0.0217676
-0.0109488
-0.0171728
-0.018882
0.0156706
0.0181635
-0.00307743
0.0472668
0.0324823
0.0306324
0.00365013
0.00950504
-0.0154465
0.036027
0.0365714
0.00387732
0.00750313
-0.0234345
-0.00638437
0.0124946
0.0106067
-0.000752938
0.0224568
0.0481059
-0.00925441
-0.0129828
-0.00788601
0.0114102
0.0527354
-0.0119446
0.013013
4.91324e-05
0.0234024
-0.0320304
-0.0260506
0.0581963
-0.00584558
0.0324417
-0.0337548
0.0144069
-0.0237036
-0.0397692
-0.0103678
-0.00571476
0.0331589
0.0188216
-0.213087
-0.179171
0.208756
-0.978073
0.24584
0.0093152
0.342881
0.413658
-0.232881
0.127334
0.00640922
0.0116868
0.0337902
0.0477888
-0.0116622
0.000515442
-0.00451068
0.0232861
-0.185369
-0.0560615
0.028129
0.0277014
0.0558652
0.0580935
0.108468
0.420767
0.0481647
0.0619929
-0.0292112
-0.0176652
0.0114061
0.0653887
-0.0250622
0.271282
-0.0504193
-0.138699
0.0144079
0.0545428
0.022426
-0.00567054
0.026997
0.0458115
-0.00277807
-0.000744074
0.0358315
0.0517889
0.00584137
-0.000935547
-0.00510054
0.0450312
0.0143337
0.0295853
-0.00750271
0.0183095
-0.00835028
-0.0129641
0.0285259
-0.0056622
-0.00899801
-0.0238556
0.00608726
-0.00403549
-0.0224595
-0.00796003
0.00831279
0.0380514
-0.0408663
0.0119127
0.00590909
0.00175114
0.0244314
0.062134
0.03578
0.00261107
-0.000240697
-0.0035537
-0.0181597
-0.00967031
0.00590245
0.0277081
0.00536831
0.0299491
0.0482695
0.0572344
-0.0153532
-0.0206067
0.042634
-0.00160909
-0.00896632
-0.00777618
-0.160132
-0.00166883
0.00964646
-0.0161675
0.00518548
0.0290737
0.0401705
0.0325605
-0.00238447
0.0117556
0.0803599
0.187534
-0.00183338
0.0100933
-0.0305034
0.000105929
0.0461288
0.0287322
0.0377204
0.0335433
0.006141
0.00155604
-0.0633199
-0.283781
-0.00426252
-0.0152649
-0.211299
0.0203063
0.00453623
0.00318204
0.0084479
0.0149634
-0.0118243
-0.0158592
0.0236668
-0.00466724
0.0833823
-0.023725
0.0605616
-0.0168371
0.025862
0.0472675
-0.0307552
-0.00538906
-0.00926076
0.0166165
0.0259027
0.00412448
0.0215362
-0.0412309
0.0356361
0.275275
-0.122802
-0.0246795
